0.00350930500473504830
0.00813719736545283530
0.01269603265463102973
0.01713693145651071655
0.02141794901111334033
0.02549902963118808810
0.02934204673926777357
0.03291111138818092342
0.03617289705442425311
0.03909694789353515323
0.04165596211347337761
0.04382604650220190557
0.04558693934788194236
0.04692219954040228282
0.04781936003963742971
0.04827004425736390028
0.04827004425736390028
0.04781936003963742971
0.04692219954040228282
0.04558693934788194236
0.04382604650220190557
0.04165596211347337761
0.03909694789353515323
0.03617289705442425311
0.03291111138818092342
0.02934204673926777357
0.02549902963118808810
0.02141794901111334033
0.01713693145651071655
0.01269603265463102973
0.00813719736545283530
0.00350930500473504830
