0.00089164036084821647
0.00207351663028123382
0.00325222898448918143
0.00442337991318197386
0.00558406973006556441
0.00673152394835932130
0.00786301523801235966
0.00897585788784867154
0.01006741157676510469
0.01113508690419162708
0.01217635128435543667
0.01318873485752732934
0.01416983630712974161
0.01511732853620123943
0.01602896417742577679
0.01690258091857080470
0.01773610662844119191
0.01852756427012002302
0.01927507658930781456
0.01997687056636017069
0.02063128162131176431
0.02123675756182679450
0.02179186226466172669
0.02229527908187828153
0.02274581396370907224
0.02314239829065720865
0.02348409140810500866
0.02377008285741515433
0.02399969429822915386
0.02417238111740147859
0.02428773372075171347
0.02434547850456986019
0.02434547850456986019
0.02428773372075171347
0.02417238111740147859
0.02399969429822915386
0.02377008285741515433
0.02348409140810500866
0.02314239829065720865
0.02274581396370907224
0.02229527908187828153
0.02179186226466172669
0.02123675756182679450
0.02063128162131176431
0.01997687056636017069
0.01927507658930781456
0.01852756427012002302
0.01773610662844119191
0.01690258091857080470
0.01602896417742577679
0.01511732853620123943
0.01416983630712974161
0.01318873485752732934
0.01217635128435543667
0.01113508690419162708
0.01006741157676510469
0.00897585788784867154
0.00786301523801235966
0.00673152394835932130
0.00558406973006556441
0.00442337991318197386
0.00325222898448918143
0.00207351663028123382
0.00089164036084821647
