0.00022469048014604519
0.00052290633967017439
0.00082125150933451477
0.00111914421548130937
0.00141637573572899555
0.00171276302045510789
0.00200812749186932116
0.00230229212835147756
0.00259508091633816510
0.00288631877143284929
0.00317583158085359439
0.00346344628344940678
0.00374899096281736434
0.00403229494524302899
0.00431318889930837485
0.00459150493583043717
0.00486707670750340293
0.00513973950791607857
0.00540933036975153812
0.00567568816204020835
0.00593865368637013979
0.00619806977197546148
0.00645378136963367361
0.00670563564430816616
0.00695348206647599262
0.00719717250208342309
0.00743656130107365713
0.00767150538443257204
0.00790186432969967343
0.00812750045489259353
0.00834827890079460229
0.00856406771155568842
0.00877473791355885232
0.00898016359250434297
0.00918022196866567161
0.00937479347027235433
0.00956376180497547274
0.00974701402935330141
0.00992444061641543111
0.01009593552106502059
0.01026139624348003472
0.01042072389037557456
0.01057382323411067427
0.01072060276960423007
0.01086097476902603769
0.01099485533423024572
0.01112216444689988255
0.01124282601637248344
0.01135676792511823065
0.01146392207184342346
0.01156422441219351394
0.01165761499703138006
0.01174403800826795658
0.01182344179222380757
0.01189577889050170032
0.01196100606835172784
0.01201908434051202632
0.01206997899450964250
0.01211365961140762406
0.01215010008398593266
0.01217927863234531293
0.01220117781692479105
0.01221578454892502253
0.01222309009813125911
0.01222309009813125911
0.01221578454892502253
0.01220117781692479105
0.01217927863234531293
0.01215010008398593266
0.01211365961140762406
0.01206997899450964250
0.01201908434051202632
0.01196100606835172784
0.01189577889050170032
0.01182344179222380757
0.01174403800826795658
0.01165761499703138006
0.01156422441219351394
0.01146392207184342346
0.01135676792511823065
0.01124282601637248344
0.01112216444689988255
0.01099485533423024572
0.01086097476902603769
0.01072060276960423007
0.01057382323411067427
0.01042072389037557456
0.01026139624348003472
0.01009593552106502059
0.00992444061641543111
0.00974701402935330141
0.00956376180497547274
0.00937479347027235433
0.00918022196866567161
0.00898016359250434297
0.00877473791355885232
0.00856406771155568842
0.00834827890079460229
0.00812750045489259353
0.00790186432969967343
0.00767150538443257204
0.00743656130107365713
0.00719717250208342309
0.00695348206647599262
0.00670563564430816616
0.00645378136963367361
0.00619806977197546148
0.00593865368637013979
0.00567568816204020835
0.00540933036975153812
0.00513973950791607857
0.00486707670750340293
0.00459150493583043717
0.00431318889930837485
0.00403229494524302899
0.00374899096281736434
0.00346344628344940678
0.00317583158085359439
0.00288631877143284929
0.00259508091633816510
0.00230229212835147756
0.00200812749186932116
0.00171276302045510789
0.00141637573572899555
0.00111914421548130937
0.00082125150933451477
0.00052290633967017439
0.00022469048014604519
