0.000056394508911136
0.000131267472148223
0.000206231627213088
0.000281174477015705
0.000356077081736660
0.000430926850710045
0.000505712196604220
0.000580421778783862
0.000655044340951252
0.000729568666655367
0.000803983565374664
0.000878277868165365
0.000952440426749859
0.001026460113983072
0.001100325824919955
0.001174026478163656
0.001247551017351853
0.001320888412713745
0.001394027662663853
0.001466957795414858
0.001539667870599669
0.001612146980897099
0.001684384253657776
0.001756368852528154
0.001828089979071251
0.001899536874383129
0.001970698820704417
0.002041565143026334
0.002112125210690768
0.002182368438984028
0.002252284290723949
0.002321862277840030
0.002391091962946346
0.002459962960906933
0.002528464940393421
0.002596587625434640
0.002664320796957965
0.002731654294322155
0.002798578016841455
0.002865081925300719
0.002931156043461327
0.002996790459557669
0.003061975327783966
0.003126700869771201
0.003190957376053940
0.003254735207526830
0.003318024796890533
0.003380816650086899
0.003443101347723160
0.003504869546484911
0.003566111980537695
0.003626819462916957
0.003686982886906173
0.003746593227402942
0.003805641542272830
0.003864118973690778
0.003922016749469856
0.003979326184377174
0.004036038681436750
0.004092145733219135
0.004147638923117613
0.004202509926610768
0.004256750512511245
0.004310352544200507
0.004363307980849404
0.004415608878624375
0.004467247391879104
0.004518215774331437
0.004568506380225403
0.004618111665478151
0.004667024188811635
0.004715236612868876
0.004762741705314642
0.004809532339920364
0.004855601497633140
0.004900942267628664
0.004945547848347914
0.004989411548517455
0.005032526788153192
0.005074887099547433
0.005116486128239110
0.005157317633967008
0.005197375491605864
0.005236653692085202
0.005275146343290741
0.005312847670948281
0.005349752019489893
0.005385853852902313
0.005421147755557398
0.005455628433024520
0.005489290712864785
0.005522129545406951
0.005554140004504922
0.005585317288276725
0.005615656719824834
0.005645153747937755
0.005673803947772746
0.005701603021519593
0.005728546799045320
0.005754631238519749
0.005779852427021818
0.005804206581126553
0.005827690047472621
0.005850299303310370
0.005872030957030275
0.005892881748671713
0.005912848550411989
0.005931928367035539
0.005950118336383245
0.005967415729781781
0.005983817952452947
0.005999322543902906
0.006013927178291286
0.006027629664780075
0.006040427947862272
0.006052320107670232
0.006063304360263661
0.006073379057897230
0.006082542689267751
0.006090793879740886
0.006098131391557357
0.006104554124018620
0.006110061113651985
0.006114651534355139
0.006118324697520079
0.006121080052136400
0.006122917184873960
0.006123835820144878
0.006123835820144878
0.006122917184873960
0.006121080052136400
0.006118324697520079
0.006114651534355139
0.006110061113651985
0.006104554124018620
0.006098131391557357
0.006090793879740886
0.006082542689267751
0.006073379057897230
0.006063304360263661
0.006052320107670232
0.006040427947862272
0.006027629664780075
0.006013927178291286
0.005999322543902906
0.005983817952452947
0.005967415729781781
0.005950118336383245
0.005931928367035539
0.005912848550411989
0.005892881748671713
0.005872030957030275
0.005850299303310370
0.005827690047472621
0.005804206581126553
0.005779852427021818
0.005754631238519749
0.005728546799045320
0.005701603021519593
0.005673803947772746
0.005645153747937755
0.005615656719824834
0.005585317288276725
0.005554140004504922
0.005522129545406951
0.005489290712864785
0.005455628433024520
0.005421147755557398
0.005385853852902313
0.005349752019489893
0.005312847670948281
0.005275146343290741
0.005236653692085202
0.005197375491605864
0.005157317633967008
0.005116486128239110
0.005074887099547433
0.005032526788153192
0.004989411548517455
0.004945547848347914
0.004900942267628664
0.004855601497633140
0.004809532339920364
0.004762741705314642
0.004715236612868876
0.004667024188811635
0.004618111665478151
0.004568506380225403
0.004518215774331437
0.004467247391879104
0.004415608878624375
0.004363307980849404
0.004310352544200507
0.004256750512511245
0.004202509926610768
0.004147638923117613
0.004092145733219135
0.004036038681436750
0.003979326184377174
0.003922016749469856
0.003864118973690778
0.003805641542272830
0.003746593227402942
0.003686982886906173
0.003626819462916957
0.003566111980537695
0.003504869546484911
0.003443101347723160
0.003380816650086899
0.003318024796890533
0.003254735207526830
0.003190957376053940
0.003126700869771201
0.003061975327783966
0.002996790459557669
0.002931156043461327
0.002865081925300719
0.002798578016841455
0.002731654294322155
0.002664320796957965
0.002596587625434640
0.002528464940393421
0.002459962960906933
0.002391091962946346
0.002321862277840030
0.002252284290723949
0.002182368438984028
0.002112125210690768
0.002041565143026334
0.001970698820704417
0.001899536874383129
0.001828089979071251
0.001756368852528154
0.001684384253657776
0.001612146980897099
0.001539667870599669
0.001466957795414858
0.001394027662663853
0.001320888412713745
0.001247551017351853
0.001174026478163656
0.001100325824919955
0.001026460113983072
0.000952440426749859
0.000878277868165365
0.000803983565374664
0.000729568666655367
0.000655044340951252
0.000580421778783862
0.000505712196604220
0.000430926850710045
0.000356077081736660
0.000281174477015705
0.000206231627213088
0.000131267472148223
0.000056394508911136
