0.00136806907525921823
0.00719424422736583230
0.01761887220624678462
0.03254696203113015542
0.05183942211697393801
0.07531619313371501492
0.10275810201602879652
0.13390894062985515979
0.16847786653489239952
0.20614212137961883547
0.24655004553388530498
0.28932436193468232731
0.33406569885893617512
0.38035631887393146273
0.42776401920860175325
0.47584616715613084188
0.52415383284386915812
0.57223598079139824672
0.61964368112606853727
0.66593430114106382488
0.71067563806531767269
0.75344995446611469499
0.79385787862038116451
0.83152213346510760048
0.86609105937014484021
0.89724189798397120351
0.92468380686628498511
0.94816057788302606196
0.96745303796886984455
0.98238112779375321538
0.99280575577263416770
0.99863193092474078179
1.00000000000000000000
