0.00034747913211393027
0.00182994161402236032
0.00449331426162783963
0.00833187305768702153
0.01333658610504451813
0.01949560017397314053
0.02679431257079859197
0.03521541393403021208
0.04473893146074859711
0.05534227700244294707
0.06700030092295359012
0.07968535187370981863
0.09336734243860122013
0.10801382052832929619
0.12359004636973405171
0.14005907491419458658
0.15738184347288337872
0.17551726437267133006
0.19442232241380337488
0.21405217689868298285
0.23436026799005272718
0.25529842714647352128
0.27681699137326795602
0.29886492101800419814
0.32138992083116594203
0.34433856400489452193
0.36765641889561629182
0.39128817812999645793
0.41517778978800359098
0.43926859035193972276
0.46350343910610048028
0.48782485366828778374
0.51217514633171221626
0.53649656089389951972
0.56073140964806027724
0.58482221021199640902
0.60871182187000354207
0.63234358110438370818
0.65566143599510547807
0.67861007916883405800
0.70113507898199580186
0.72318300862673204398
0.74470157285352647872
0.76563973200994727282
0.78594782310131701712
0.80557767758619662512
0.82448273562732866991
0.84261815652711662128
0.85994092508580541345
0.87640995363026594829
0.89198617947167070381
0.90663265756139877990
0.92031464812629018134
0.93299969907704640988
0.94465772299755705296
0.95526106853925140289
0.96478458606596978790
0.97320568742920140803
0.98050439982602685945
0.98666341389495548189
0.99166812694231297844
0.99550668573837216039
0.99817005838597763968
0.99965252086788606971
1.00000000000000000000
