0.000021974990503885
0.000115781295368407
0.000284531266869296
0.000528237078295572
0.000846866763496778
0.001240373621639586
0.001708698988309230
0.002251772759451822
0.002869513538795168
0.003561828695588941
0.004328614396208457
0.005169755627467391
0.006085126217569696
0.007074588856937022
0.008137995119842252
0.009275185487267797
0.010485989371188981
0.011770225140382922
0.013127700147814797
0.014558210759628485
0.016061542385755273
0.017637469512146785
0.019285755734633928
0.021006153794410935
0.022798405615141879
0.024662242341685862
0.026597384380436259
0.028603541441268778
0.030680412581092598
0.032827686248998453
0.035045040332997179
0.037332142208341899
0.039688648787426752
0.042114206571254808
0.044608451702467494
0.047171010019927676
0.049801497114848228
0.052499518388457711
0.055264669111194556
0.058096534483420858
0.060994689697646728
0.063958700002255855
0.066988120766722740
0.070082497548311825
0.073241366160248517
0.076464252741351896
0.079750673827118643
0.083100136422247553
0.086512138074593743
0.089986166950541466
0.093521701911784228
0.097118212593500688
0.100775159483914621
0.104491994005227003
0.108268158595908090
0.112103086794337130
0.115996203323777182
0.119946924178672273
0.123954656712253970
0.128018799725444216
0.132138743557041083
0.136313870175173937
0.140543553270014276
0.144827158347728343
0.149164042825657420
0.153553556128711520
0.157995039786962023
0.162487827534418618
0.167031245408975720
0.171624611853513389
0.176267237818137569
0.180958426863544316
0.185697475265492512
0.190483672120369390
0.195316299451833030
0.200194632318515839
0.205117938922772850
0.210085480720458528
0.215096512531715620
0.220150282652759427
0.225246032968640721
0.230382999066970409
0.235560410352588869
0.240777490163162762
0.246033455885691982
0.251327519073909261
0.256658885566554825
0.262026755606508347
0.267430323960760343
0.272868780041205001
0.278341308026236321
0.283847086983129345
0.289385290991188088
0.294955089265641725
0.300555646282270436
0.306186121902742208
0.311845671500641805
0.317533446088172991
0.323248592443515005
0.328990253238814182
0.334757567168791512
0.340549669079946862
0.346365690100340462
0.352204757769932193
0.358065996171459129
0.363948526061831695
0.369851465004028729
0.375773927499471667
0.381715025120857991
0.387673866645434016
0.393649558188687021
0.399641203338436665
0.405647903289305587
0.411668756977549001
0.417702861216223075
0.423749310830671802
0.429807198794312057
0.435875616364696453
0.441953653219833598
0.448040397594745298
0.454134936418240224
0.460236355449883517
0.466343739417141800
0.472456172152683008
0.478572736731810451
0.484692515610010485
0.490814590760593167
0.496938043812405235
0.503061956187594765
0.509185409239406833
0.515307484389989515
0.521427263268189549
0.527543827847316992
0.533656260582858200
0.539763644550116483
0.545865063581759776
0.551959602405254702
0.558046346780166402
0.564124383635303547
0.570192801205687943
0.576250689169328198
0.582297138783776925
0.588331243022450999
0.594352096710694413
0.600358796661563335
0.606350441811312979
0.612326133354565984
0.618284974879142009
0.624226072500528333
0.630148534995971271
0.636051473938168305
0.641934003828540871
0.647795242230067807
0.653634309899659538
0.659450330920053138
0.665242432831208488
0.671009746761185818
0.676751407556484995
0.682466553911827009
0.688154328499358195
0.693813878097257792
0.699444353717729564
0.705044910734358275
0.710614709008811912
0.716152913016870655
0.721658691973763679
0.727131219958794999
0.732569676039239657
0.737973244393491653
0.743341114433445175
0.748672480926090739
0.753966544114308018
0.759222509836837238
0.764439589647411131
0.769617000933029591
0.774753967031359279
0.779849717347240573
0.784903487468284380
0.789914519279541472
0.794882061077227150
0.799805367681484161
0.804683700548166970
0.809516327879630610
0.814302524734507488
0.819041573136455684
0.823732762181862431
0.828375388146486611
0.832968754591024280
0.837512172465581382
0.842004960213037977
0.846446443871288480
0.850835957174342580
0.855172841652271657
0.859456446729985724
0.863686129824826063
0.867861256442958917
0.871981200274555784
0.876045343287746030
0.880053075821327727
0.884003796676222818
0.887896913205662870
0.891731841404091910
0.895508005994772997
0.899224840516085379
0.902881787406499312
0.906478298088215772
0.910013833049458534
0.913487861925406257
0.916899863577752447
0.920249326172881357
0.923535747258648104
0.926758633839751483
0.929917502451688175
0.933011879233277260
0.936041299997744145
0.939005310302353272
0.941903465516579142
0.944735330888805444
0.947500481611542289
0.950198502885151772
0.952828989980072324
0.955391548297532506
0.957885793428745192
0.960311351212573248
0.962667857791658101
0.964954959667002821
0.967172313751001547
0.969319587418907402
0.971396458558731222
0.973402615619563741
0.975337757658314138
0.977201594384858121
0.978993846205589065
0.980714244265366072
0.982362530487853215
0.983938457614244727
0.985441789240371515
0.986872299852185203
0.988229774859617078
0.989514010628811019
0.990724814512732203
0.991862004880157748
0.992925411143062978
0.993914873782430304
0.994830244372532609
0.995671385603791543
0.996438171304411059
0.997130486461204832
0.997748227240548178
0.998291301011690770
0.998759626378360414
0.999153133236503222
0.999471762921704428
0.999715468733130704
0.999884218704631593
0.999978025009496115
1.000000000000000000
