0.00008755602643404275
0.00046127001131205248
0.00113337568724299005
0.00210362073250940657
0.00337144354989353236
0.00493609075413280833
0.00679662863770689557
0.00895194578214073198
0.01140075426804630643
0.01414159062643170954
0.01717281678401736569
0.02049262107315003595
0.02409901932936780688
0.02798985608488990893
0.03216280586104181211
0.03661537456052607834
0.04134490095951973149
0.04634855829912159304
0.05162335597542090781
0.05716614132730139130
0.06297360152098410065
0.06904226553022576969
0.07536850621101551541
0.08194854246954657643
0.08877844152217807876
0.09585412124604316994
0.10317135261890335489
0.11072576224679401657
0.11851283497795263861
0.12652791660146900940
0.13476621662904559676
0.14322281115820629334
0.15189264581524283381
0.16077053877614037031
0.16985118386367697394
0.17912915371884622143
0.18859890304470754461
0.19825477192072568790
0.20809098918561845523
0.21810167588669095805
0.22828084879359481827
0.23862242397441226077
0.24912022043192776785
0.25976796379791398706
0.27055929008322390227
0.28148774948144791852
0.29254681022386249225
0.30372986248336627862
0.31503022232507048669
0.32644113570118224579
0.33795578248779331240
0.34956728056116139868
0.36126868991104779861
0.37305301678865283957
0.38491321788667000680
0.39684220454896039143
0.40883284700733140879
0.42087797864288753301
0.43297040026940610745
0.44510288443617812668
0.45726817974774225069
0.46945901519793021596
0.48166810451563325332
0.49388815051969211790
0.50611184948030788210
0.51833189548436674665
0.53054098480206978404
0.54273182025225774931
0.55489711556382187332
0.56702959973059389255
0.57912202135711246699
0.59116715299266859121
0.60315779545103960859
0.61508678211332999322
0.62694698321134716043
0.63873131008895220139
0.65043271943883860132
0.66204421751220668760
0.67355886429881775421
0.68496977767492951331
0.69627013751663372138
0.70745318977613750775
0.71851225051855208148
0.72944070991677609770
0.74023203620208601294
0.75087977956807223218
0.76137757602558773921
0.77171915120640518170
0.78189832411330904198
0.79190901081438154474
0.80174522807927431210
0.81140109695529245539
0.82087084628115377857
0.83014881613632302606
0.83922946122385962966
0.84810735418475716619
0.85677718884179370666
0.86523378337095440327
0.87347208339853099060
0.88148716502204736136
0.88927423775320598343
0.89682864738109664509
0.90414587875395683008
0.91122155847782192124
0.91805145753045342360
0.92463149378898448457
0.93095773446977423033
0.93702639847901589938
0.94283385867269860870
0.94837664402457909222
0.95365144170087840696
0.95865509904048026851
0.96338462543947392164
0.96783719413895818789
0.97201014391511009107
0.97590098067063219315
0.97950737892684996402
0.98282718321598263429
0.98585840937356829044
0.98859924573195369357
0.99104805421785926805
0.99320337136229310443
0.99506390924586719164
0.99662855645010646764
0.99789637926749059341
0.99886662431275700995
0.99953872998868794752
0.99991244397356595725
1.00000000000000000000
